cam1:
[135, 469]
[163, 490]
[180, 482]
[194, 488]
[215, 469]
[236, 471]
[250, 477]
[282, 457]
[291, 467]
[309, 478]
[308, 469]
[317, 446]
[331, 442]
[331, 432]
[325, 449]
[314, 449]
[296, 439]
[285, 450]
[273, 466]
[256, 467]
[224, 469]
[201, 455]
[166, 458]
[138, 452]
[114, 428]
[99, 436]
[76, 417]
[78, 420]
[97, 424]
[102, 429]
[108, 427]
[130, 430]
[155, 442]
[170, 447]
[202, 445]
[202, 441]
[208, 443]
[230, 421]
[231, 418]
[268, 408]
[284, 399]
[294, 383]
[304, 387]
[337, 385]
[307, 390]
[327, 379]
[330, 366]
[314, 384]
[299, 395]
[276, 402]
[212, 396]
[177, 386]
[166, 371]
[140, 357]
[123, 356]
[121, 358]
[131, 361]
[108, 339]
[130, 361]
[135, 358]
[113, 342]
[141, 361]
[169, 357]
[187, 362]
[199, 358]
[208, 346]
[238, 341]
[279, 358]
[290, 350]
[301, 330]
[304, 327]
[283, 341]
[305, 335]
[302, 324]
[291, 338]
[270, 346]
[265, 334]
[250, 311]
[207, 321]
[198, 329]
[178, 334]
[168, 328]
[154, 320]
[159, 324]
[175, 310]
[178, 301]
[182, 319]
[223, 319]
[241, 296]
[267, 303]
[284, 299]
[280, 277]
[277, 283]
[268, 276]
[243, 271]
[227, 258]
[195, 251]
[196, 277]
[165, 277]
[145, 288]
[152, 292]
[145, 300]
[148, 298]
[130, 296]
[151, 295]
[167, 284]
[218, 271]
[223, 261]
[251, 245]
[263, 215]
[263, 222]
[261, 213]
[240, 215]
[217, 224]
[194, 215]
[171, 198]
[151, 197]
[153, 214]
[150, 231]
[149, 246]
[168, 245]
[180, 226]
[213, 224]
[220, 208]
[233, 189]
[248, 174]
[246, 169]
[246, 160]
[218, 159]
[196, 184]
[190, 156]
[157, 161]
[156, 177]
[132, 178]
[135, 185]
[154, 200]
[181, 176]
[197, 152]
[201, 177]
[208, 158]
[208, 126]
[174, 149]
[203, 154]
[177, 139]
[172, 113]
[194, 95]
[193, 73]
[172, 62]
[168, 49]
[185, 30]

cam2:
[329, 561]
[361, 586]
[360, 598]
[381, 618]
[346, 605]
[340, 612]
[326, 614]
[335, 597]
[312, 611]
[282, 615]
[261, 604]
[260, 578]
[220, 575]
[192, 557]
[162, 574]
[131, 573]
[134, 560]
[111, 568]
[89, 581]
[85, 576]
[91, 576]
[101, 564]
[86, 559]
[106, 536]
[137, 526]
[150, 532]
[181, 511]
[212, 508]
[208, 496]
[216, 522]
[244, 533]
[283, 525]
[242, 557]
[281, 552]
[300, 557]
[307, 558]
[311, 550]
[326, 547]
[325, 538]
[322, 517]
[323, 491]
[290, 481]
[269, 489]
[232, 489]
[200, 497]
[174, 495]
[143, 474]
[117, 496]
[104, 508]
[112, 490]
[85, 506]
[94, 487]
[82, 473]
[108, 463]
[131, 472]
[135, 467]
[160, 467]
[168, 449]
[178, 458]
[215, 462]
[261, 419]
[257, 458]
[266, 454]
[290, 461]
[303, 448]
[310, 444]
[320, 428]
[316, 416]
[290, 423]
[264, 421]
[234, 421]
[221, 433]
[183, 429]
[155, 418]
[131, 440]
[126, 450]
[103, 437]
[91, 420]
[99, 429]
[124, 438]
[159, 424]
[171, 427]
[208, 410]
[211, 416]
[229, 404]
[251, 389]
[246, 405]
[246, 401]
[252, 372]
[231, 381]
[206, 375]
[187, 366]
[157, 373]
[136, 374]
[124, 374]
[111, 370]
[101, 370]
[111, 387]
[116, 391]
[143, 397]
[191, 378]
[233, 390]
[243, 385]
[257, 377]
[279, 362]
[272, 352]
[256, 342]
[249, 333]
[236, 317]
[227, 307]
[191, 304]
[166, 301]
[167, 303]
[150, 309]
[153, 319]
[141, 311]
[161, 313]
[187, 312]
[202, 330]
[239, 324]
[251, 324]
[242, 305]
[245, 292]
[247, 271]
[220, 258]
[218, 230]
[190, 243]
[163, 251]
[175, 242]
[159, 285]
[166, 252]
[162, 266]
[175, 274]
[222, 255]
[234, 272]
[245, 267]
[238, 253]
[247, 216]
[227, 249]
[208, 231]
[184, 215]
[183, 247]
[210, 229]
[216, 222]
[219, 196]
[217, 166]
[217, 145]
[223, 136]
[235, 121]
[219, 102]
