cam1:
[135, 469]
[163, 490]
[180, 482]
[194, 488]
[215, 469]
[236, 471]
[250, 477]
[282, 457]
[291, 467]
[309, 478]
[308, 469]
[317, 446]
[331, 442]
[331, 432]
[325, 449]
[314, 449]
[296, 439]
[285, 450]
[273, 466]
[256, 467]
[224, 469]
[201, 455]
[166, 458]
[138, 452]
[114, 428]
[99, 436]
[76, 417]
[78, 420]
[97, 424]
[102, 429]
[108, 427]
[130, 430]
[155, 442]
[170, 447]
[202, 445]
[202, 441]
[208, 443]
[230, 421]
[231, 418]
[268, 408]
[284, 399]
[294, 383]
[304, 387]
[337, 385]
[307, 390]
[327, 379]
[330, 366]
[314, 384]
[299, 395]
[276, 402]
[212, 396]
[177, 386]
[166, 371]
[140, 357]
[123, 356]
[121, 358]
[131, 361]
[108, 339]
[130, 361]
[135, 358]
[113, 342]
[141, 361]
[169, 357]
[187, 362]
[199, 358]
[208, 346]
[238, 341]
[279, 358]
[290, 350]
[301, 330]
[304, 327]
[283, 341]
[305, 335]
[302, 324]
[291, 338]
[270, 346]
[265, 334]
[250, 311]
[207, 321]
[198, 329]
[178, 334]
[168, 328]
[154, 320]
[159, 324]
[175, 310]
[178, 301]
[182, 319]
[223, 319]
[241, 296]
[267, 303]
[284, 299]
[280, 277]
[277, 283]
[268, 276]
[243, 271]
[227, 258]
[195, 251]
[196, 277]
[165, 277]
[145, 288]

cam2:
[329, 561]
[361, 586]
[360, 598]
[381, 618]
[346, 605]
[340, 612]
[326, 614]
[335, 597]
[312, 611]
[282, 615]
[261, 604]
[260, 578]
[220, 575]
[192, 557]
[162, 574]
[131, 573]
[134, 560]
[111, 568]
[89, 581]
[85, 576]
[91, 576]
[101, 564]
[86, 559]
[106, 536]
[137, 526]
[150, 532]
[181, 511]
[212, 508]
[208, 496]
[216, 522]
[244, 533]
[283, 525]
[242, 557]
[281, 552]
[300, 557]
[307, 558]
[311, 550]
[326, 547]
[325, 538]
[322, 517]
[323, 491]
[290, 481]
[269, 489]
[232, 489]
[200, 497]
[174, 495]
[143, 474]
[117, 496]
[104, 508]
[112, 490]
[85, 506]
[94, 487]
[82, 473]
[108, 463]
[131, 472]
[135, 467]
[160, 467]
[168, 449]
[178, 458]
[215, 462]
[261, 419]
[257, 458]
[266, 454]
[290, 461]
[303, 448]
[310, 444]
[320, 428]
[316, 416]
[290, 423]
[264, 421]
[234, 421]
[221, 433]
[183, 429]
[155, 418]
[131, 440]
[126, 450]
[103, 437]
[91, 420]
[99, 429]
[124, 438]
[159, 424]
[171, 427]
[208, 410]
[211, 416]
[229, 404]
[251, 389]
[246, 405]
[246, 401]
[252, 372]
[231, 381]
[206, 375]
[187, 366]
[157, 373]
[136, 374]
[124, 374]
[111, 370]
[101, 370]
[111, 387]
[116, 391]
[143, 397]
