0.0
12.903225806451612
11.29032258064516
16.7741935483871
17.096774193548388
20.64516129032258
27.741935483870968
31.61290322580645
37.41935483870968
46.45161290322581
46.12903225806452
53.2258064516129
62.25806451612903
64.51612903225806
70.0
74.51612903225806
78.06451612903226
82.9032258064516
90.0
90.0
95.16129032258065
98.70967741935483
100.0
97.74193548387096
93.54838709677419
89.03225806451613
84.51612903225806
72.58064516129032
73.54838709677419
66.45161290322581
61.935483870967744
60.64516129032258
56.12903225806451
48.70967741935484
45.483870967741936
44.516129032258064
41.612903225806456
36.45161290322581
29.03225806451613
31.61290322580645
25.483870967741932
21.935483870967744
17.419354838709676
14.838709677419354
13.870967741935484
20.32258064516129
23.225806451612904
27.741935483870968
30.64516129032258
34.83870967741935
49.354838709677416
62.25806451612903
66.12903225806451
75.16129032258064
80.64516129032258
88.38709677419355
94.83870967741936
90.96774193548387
93.2258064516129
84.51612903225806
91.29032258064517
84.19354838709677
85.16129032258064
75.80645161290323
71.93548387096774
69.35483870967742
62.903225806451616
58.70967741935483
47.74193548387097
49.67741935483871
41.29032258064516
45.806451612903224
36.774193548387096
35.80645161290323
32.58064516129032
27.741935483870968
21.29032258064516
22.58064516129032
22.58064516129032
30.967741935483872
36.12903225806451
43.87096774193549
49.67741935483871
58.06451612903226
65.16129032258064
63.54838709677419
73.54838709677419
71.29032258064515
78.70967741935485
83.22580645161291
83.54838709677419
81.29032258064515
75.80645161290323
68.70967741935485
65.80645161290323
62.903225806451616
58.70967741935483
45.16129032258064
49.03225806451613
41.935483870967744
32.58064516129032
27.741935483870968
30.64516129032258
36.12903225806451
39.67741935483871
37.74193548387097
40.32258064516129
45.806451612903224
52.58064516129032
56.451612903225815
67.41935483870968
74.19354838709677
76.12903225806451
80.0
82.58064516129032
78.70967741935485
76.77419354838709
69.35483870967742
62.25806451612903
60.0
59.67741935483871
52.58064516129032
47.096774193548384
39.35483870967742
34.193548387096776
34.83870967741935
32.58064516129032
35.80645161290323
34.83870967741935
42.90322580645161
48.38709677419355
55.80645161290323
64.51612903225806
68.38709677419355
69.6774193548387
71.29032258064515
70.0
61.935483870967744
57.41935483870968
53.5483870967742
51.61290322580645
51.61290322580645
49.354838709677416
50.967741935483865
51.935483870967744
50.0
48.064516129032256
49.67741935483871
53.87096774193548
50.967741935483865
