cam1:
[15, 422]
[55, 442]
[50, 423]
[67, 436]
[68, 448]
[79, 457]
[101, 464]
[113, 483]
[131, 495]
[159, 483]
[158, 457]
[180, 456]
[208, 449]
[215, 449]
[232, 475]
[246, 437]
[257, 459]
[272, 458]
[294, 454]
[294, 436]
[310, 437]
[321, 430]
[325, 422]
[318, 430]
[305, 407]
[291, 414]
[277, 421]
[240, 432]
[243, 435]
[221, 427]
[207, 418]
[203, 418]
[189, 430]
[166, 412]
[156, 377]
[153, 412]
[144, 407]
[128, 404]
[105, 398]
[113, 364]
[94, 383]
[83, 389]
[69, 379]
[61, 366]
[58, 366]
[78, 351]
[87, 356]
[101, 339]
[110, 330]
[123, 332]

cam2:
[146, 518]
[152, 542]
[193, 528]
[179, 551]
[162, 574]
[150, 579]
[145, 589]
[102, 606]
[100, 621]
[84, 606]
[116, 581]
[117, 580]
[126, 572]
[114, 568]
[119, 606]
[130, 555]
[151, 594]
[197, 603]
[178, 590]
[224, 570]
[233, 576]
[288, 555]
[312, 543]
[354, 519]
[372, 512]
[380, 536]
[396, 546]
[353, 568]
[392, 573]
[374, 548]
[371, 520]
[385, 529]
[405, 502]
[390, 492]
[385, 452]
[378, 496]
[336, 509]
[342, 513]
[332, 509]
[321, 450]
[355, 486]
[381, 490]
[229, 492]
[208, 488]
[199, 493]
[194, 450]
[164, 452]
[161, 447]
[143, 435]
[122, 433]

