cam1:
(0.0, 84.97942386831275)
(12.903225806451612, 89.09465020576131)
(11.29032258064516, 85.18518518518519)
(16.7741935483871, 87.86008230452676)
(17.096774193548388, 90.3292181069959)
(20.64516129032258, 92.18106995884774)
(27.741935483870968, 93.62139917695474)
(31.61290322580645, 97.53086419753086)
(37.41935483870968, 100.0)
(46.45161290322581, 97.53086419753086)
(46.12903225806452, 92.18106995884774)
(53.2258064516129, 91.9753086419753)
(62.25806451612903, 90.53497942386831)
(64.51612903225806, 90.53497942386831)
(70.0, 95.88477366255144)
(74.51612903225806, 88.06584362139918)
(78.06451612903226, 92.5925925925926)
(82.9032258064516, 92.38683127572016)
(90.0, 91.56378600823045)
(90.0, 87.86008230452676)
(95.16129032258065, 88.06584362139918)
(98.70967741935483, 86.62551440329219)
(100.0, 84.97942386831275)
(97.74193548387096, 86.62551440329219)
(93.54838709677419, 81.89300411522635)
(89.03225806451613, 83.33333333333334)
(84.51612903225806, 84.77366255144034)
(72.58064516129032, 87.03703703703704)
(73.54838709677419, 87.65432098765432)
(66.45161290322581, 86.0082304526749)
(61.935483870967744, 84.15637860082305)
(60.64516129032258, 84.15637860082305)
(56.12903225806451, 86.62551440329219)
(48.70967741935484, 82.92181069958848)
(45.483870967741936, 75.7201646090535)
(44.516129032258064, 82.92181069958848)
(41.612903225806456, 81.89300411522635)
(36.45161290322581, 81.27572016460906)
(29.03225806451613, 80.04115226337449)
(31.61290322580645, 73.04526748971193)
(25.483870967741932, 76.95473251028807)
(21.935483870967744, 78.18930041152264)
(17.419354838709676, 76.13168724279835)
(14.838709677419354, 73.4567901234568)
(13.870967741935484, 73.4567901234568)
(20.32258064516129, 70.37037037037037)
(23.225806451612904, 71.39917695473251)
(27.741935483870968, 67.90123456790124)
(30.64516129032258, 66.0493827160494)
(34.83870967741935, 66.46090534979425)
(49.354838709677416, 70.57613168724279)
(62.25806451612903, 72.0164609053498)
(66.12903225806451, 74.8971193415638)
(75.16129032258064, 71.39917695473251)
(80.64516129032258, 72.8395061728395)
(88.38709677419355, 69.75308641975309)
(94.83870967741936, 70.98765432098766)
(90.96774193548387, 71.81069958847736)
(93.2258064516129, 68.51851851851852)
(84.51612903225806, 67.48971193415639)
(91.29032258064517, 68.10699588477365)
(84.19354838709677, 65.4320987654321)
(85.16129032258064, 72.63374485596708)
(75.80645161290323, 74.8971193415638)
(71.93548387096774, 74.69135802469135)
(69.35483870967742, 74.48559670781893)
(62.903225806451616, 71.81069958847736)
(58.70967741935483, 69.95884773662551)
(47.74193548387097, 66.8724279835391)
(49.67741935483871, 66.2551440329218)
(41.29032258064516, 65.84362139917695)
(45.806451612903224, 60.288065843621396)
(36.774193548387096, 63.991769547325106)
(35.80645161290323, 57.61316872427984)
(32.58064516129032, 55.144032921810705)
(27.741935483870968, 53.49794238683128)
(21.29032258064516, 50.617283950617285)
(22.58064516129032, 51.85185185185185)
(22.58064516129032, 53.90946502057613)
(30.967741935483872, 56.99588477366255)
(36.12903225806451, 57.818930041152264)
(43.87096774193549, 57.818930041152264)
(49.67741935483871, 60.08230452674898)
(58.06451612903226, 58.64197530864198)
(65.16129032258064, 56.37860082304527)
(63.54838709677419, 58.64197530864198)
(73.54838709677419, 58.43621399176955)
(71.29032258064515, 58.230452674897116)
(78.70967741935485, 60.49382716049383)
(83.22580645161291, 55.76131687242798)
(83.54838709677419, 57.20164609053497)
(81.29032258064515, 59.25925925925925)
(75.80645161290323, 57.20164609053497)
(68.70967741935485, 58.8477366255144)
(65.80645161290323, 61.31687242798354)
(62.903225806451616, 61.934156378600825)
(58.70967741935483, 62.34567901234568)
(45.16129032258064, 56.79012345679012)
(49.03225806451613, 60.90534979423868)
(41.935483870967744, 61.111111111111114)
(32.58064516129032, 54.73251028806584)
(27.741935483870968, 54.32098765432099)
(30.64516129032258, 49.794238683127574)
(36.12903225806451, 48.559670781893004)
(39.67741935483871, 47.53086419753087)
(37.74193548387097, 44.23868312757202)
(40.32258064516129, 43.20987654320987)
(45.806451612903224, 42.181069958847736)
(52.58064516129032, 42.181069958847736)
(56.451612903225815, 42.38683127572017)
(67.41935483870968, 43.20987654320987)
(74.19354838709677, 46.09053497942387)
(76.12903225806451, 45.06172839506173)
(80.0, 48.76543209876543)
(82.58064516129032, 47.325102880658434)
(78.70967741935485, 48.148148148148145)
(76.77419354838709, 50.20576131687243)
(69.35483870967742, 47.53086419753087)
(62.25806451612903, 42.79835390946502)
(60.0, 46.70781893004115)
(59.67741935483871, 52.05761316872428)
(52.58064516129032, 49.58847736625515)
(47.096774193548384, 49.794238683127574)
(39.35483870967742, 42.79835390946502)
(34.193548387096776, 37.65432098765432)
(34.83870967741935, 36.831275720164605)
(32.58064516129032, 33.53909465020576)
(35.80645161290323, 35.18518518518518)
(34.83870967741935, 30.45267489711934)
(42.90322580645161, 36.0082304526749)
(48.38709677419355, 37.242798353909464)
(55.80645161290323, 35.390946502057616)
(64.51612903225806, 31.68724279835391)
(68.38709677419355, 34.15637860082305)
(69.6774193548387, 33.53909465020576)
(71.29032258064515, 34.36213991769547)
(70.0, 34.77366255144033)
(61.935483870967744, 35.80246913580247)
(57.41935483870968, 31.069958847736622)
(53.5483870967742, 30.45267489711934)
(51.61290322580645, 22.016460905349795)
(51.61290322580645, 18.72427983539095)
(49.354838709677416, 12.757201646090536)
(50.967741935483865, 10.493827160493826)
(51.935483870967744, 15.432098765432098)
(50.0, 7.613168724279835)
(48.064516129032256, 3.292181069958848)
(49.67741935483871, 0.0)
(53.87096774193548, 0.6172839506172839)
(50.967741935483865, 0.205761316872428)

cam2
(19.314641744548286, 83.22475570032573)
(21.18380062305296, 87.13355048859935)
(33.95638629283489, 84.85342019543974)
(29.595015576323984, 88.59934853420195)
(24.299065420560748, 92.34527687296416)
(20.5607476635514, 93.15960912052117)
(19.003115264797508, 94.78827361563518)
(5.607476635514018, 97.55700325732899)
(4.984423676012461, 100.0)
(0.0, 97.55700325732899)
(9.968847352024921, 93.48534201954396)
(10.2803738317757, 93.32247557003257)
(13.084112149532709, 92.01954397394137)
(9.345794392523365, 91.36807817589576)
(10.903426791277258, 97.55700325732899)
(14.330218068535824, 89.25081433224756)
(20.87227414330218, 95.60260586319218)
(35.202492211838006, 97.06840390879479)
(29.283489096573206, 94.95114006514657)
(43.613707165109034, 91.69381107491856)
(46.41744548286604, 92.67100977198697)
(63.55140186915887, 89.25081433224756)
(71.02803738317756, 87.29641693811075)
(84.11214953271028, 83.38762214983714)
(89.7196261682243, 82.24755700325733)
(92.21183800623052, 86.15635179153095)
(97.19626168224299, 87.78501628664495)
(83.8006230529595, 91.36807817589576)
(95.95015576323988, 92.18241042345277)
(90.34267912772586, 88.11074918566774)
(89.40809968847351, 83.55048859934854)
(93.76947040498442, 85.01628664495115)
(100.0, 80.61889250814332)
(95.32710280373831, 78.99022801302932)
(93.76947040498442, 72.47557003257329)
(91.58878504672897, 79.64169381107492)
(78.50467289719626, 81.75895765472313)
(80.37383177570094, 82.41042345276874)
(77.25856697819314, 81.75895765472313)
(73.83177570093457, 72.14983713355049)
(84.42367601246106, 78.0130293159609)
(92.5233644859813, 78.66449511400651)
(45.17133956386293, 78.99022801302932)
(38.62928348909657, 78.33876221498372)
(35.82554517133956, 79.15309446254072)
(34.26791277258567, 72.14983713355049)
(24.922118380062305, 72.47557003257329)
(23.98753894080997, 71.66123778501628)
(18.38006230529595, 69.70684039087948)
(11.838006230529595, 69.38110749185668)
(10.903426791277258, 71.9869706840391)
(9.034267912772584, 72.63843648208469)
(14.953271028037381, 74.1042345276873)
(13.395638629283487, 71.00977198697068)
(25.85669781931464, 71.17263843648209)
(26.479750778816197, 69.21824104234527)
(38.006230529595015, 67.58957654723126)
(41.43302180685358, 69.38110749185668)
(52.95950155763239, 64.65798045602605)
(64.48598130841121, 64.16938110749186)
(77.25856697819314, 64.49511400651465)
(80.06230529595015, 61.88925081433225)
(88.1619937694704, 69.05537459283387)
(86.29283489096574, 73.28990228013029)
(89.40809968847351, 71.17263843648209)
(95.95015576323988, 67.58957654723126)
(95.6386292834891, 66.12377850162866)
(91.27725856697819, 69.21824104234527)
(91.90031152647975, 69.54397394136808)
(77.25856697819314, 67.42671009771986)
(70.09345794392523, 66.61237785016286)
(68.84735202492212, 63.19218241042345)
(68.53582554517133, 65.47231270358306)
(67.91277258566979, 66.77524429967427)
(48.598130841121495, 58.306188925081436)
(47.66355140186916, 56.188925081433226)
(44.23676012461059, 54.39739413680782)
(33.95638629283489, 58.79478827361564)
(27.102803738317753, 60.423452768729646)
(27.725856697819314, 59.77198697068404)
(25.85669781931464, 62.54071661237784)
(16.822429906542055, 60.26058631921825)
(21.18380062305296, 62.54071661237784)
(17.75700934579439, 59.60912052117264)
(17.445482866043612, 57.00325732899023)
(26.791277258566975, 58.306188925081436)
(30.529595015576323, 56.51465798045603)
(45.17133956386293, 57.16612377850163)
(52.95950155763239, 55.86319218241043)
(57.3208722741433, 49.34853420195439)
(67.601246105919, 52.76872964169381)
(77.25856697819314, 53.583061889250814)
(85.35825545171339, 51.14006514657981)
(76.01246105919003, 51.62866449511401)
(88.47352024922118, 58.46905537459284)
(91.27725856697819, 59.446254071661244)
(88.47352024922118, 59.28338762214984)
(89.40809968847351, 57.00325732899023)
(70.09345794392523, 60.586319218241044)
(71.65109034267913, 64.49511400651465)
(61.99376947040498, 56.51465798045603)
(57.3208722741433, 54.72312703583062)
(60.747663551401864, 50.9771986970684)
(47.97507788161994, 53.09446254071661)
(40.18691588785047, 50.3257328990228)
(34.890965732087224, 49.0228013029316)
(30.529595015576323, 47.068403908794785)
(24.610591900311526, 47.55700325732899)
(27.725856697819314, 48.045602605863195)
(26.168224299065418, 45.11400651465798)
(22.118380062305295, 44.462540716612374)
(32.087227414330215, 45.76547231270358)
(36.13707165109034, 41.69381107491857)
(51.71339563862928, 43.97394136807817)
(59.50155763239875, 41.36807817589577)
(64.17445482866043, 42.508143322475576)
(69.47040498442367, 44.78827361563518)
(80.37383177570094, 42.508143322475576)
(72.58566978193146, 42.99674267100978)
(81.30841121495327, 45.27687296416938)
(76.63551401869158, 45.76547231270358)
(69.47040498442367, 45.60260586319218)
(64.797507788162, 44.62540716612378)
(70.09345794392523, 45.76547231270358)
(63.55140186915887, 41.69381107491857)
(52.336448598130836, 41.20521172638437)
(49.532710280373834, 40.55374592833876)
(40.49844236760124, 41.36807817589577)
(36.13707165109034, 39.08794788273616)
(36.13707165109034, 42.18241042345277)
(38.006230529595015, 39.25081433224756)
(33.64485981308411, 36.97068403908795)
(36.7601246105919, 33.55048859934853)
(47.0404984423676, 32.08469055374593)
(47.97507788161994, 31.27035830618892)
(60.43613707165109, 31.107491856677527)
(64.48598130841121, 29.80456026058632)
(65.10903426791276, 30.130293159609124)
(57.943925233644855, 28.338762214983714)
(55.7632398753894, 26.547231270358306)
(51.71339563862928, 23.778501628664493)
(48.90965732087228, 22.63843648208469)
(41.74454828660436, 18.566775244299674)
(42.99065420560748, 16.775244299674267)
(47.97507788161994, 18.729641693811075)
(46.728971962616825, 13.843648208469055)
(47.0404984423676, 11.237785016286644)
(48.598130841121495, 7.654723127035831)
(54.82866043613706, 4.5602605863192185)
(52.64797507788161, 0.0)

