19.314641744548286
21.18380062305296
33.95638629283489
29.595015576323984
24.299065420560748
20.5607476635514
19.003115264797508
5.607476635514018
4.984423676012461
0.0
9.968847352024921
10.2803738317757
13.084112149532709
9.345794392523365
10.903426791277258
14.330218068535824
20.87227414330218
35.202492211838006
29.283489096573206
43.613707165109034
46.41744548286604
63.55140186915887
71.02803738317756
84.11214953271028
89.7196261682243
92.21183800623052
97.19626168224299
83.8006230529595
95.95015576323988
90.34267912772586
89.40809968847351
93.76947040498442
100.0
95.32710280373831
93.76947040498442
91.58878504672897
78.50467289719626
80.37383177570094
77.25856697819314
73.83177570093457
84.42367601246106
92.5233644859813
45.17133956386293
38.62928348909657
35.82554517133956
34.26791277258567
24.922118380062305
23.98753894080997
18.38006230529595
11.838006230529595
10.903426791277258
9.034267912772584
14.953271028037381
13.395638629283487
25.85669781931464
26.479750778816197
38.006230529595015
41.43302180685358
52.95950155763239
64.48598130841121
77.25856697819314
80.06230529595015
88.1619937694704
86.29283489096574
89.40809968847351
95.95015576323988
95.6386292834891
91.27725856697819
91.90031152647975
77.25856697819314
70.09345794392523
68.84735202492212
68.53582554517133
67.91277258566979
48.598130841121495
47.66355140186916
44.23676012461059
33.95638629283489
27.102803738317753
27.725856697819314
25.85669781931464
16.822429906542055
21.18380062305296
17.75700934579439
17.445482866043612
26.791277258566975
30.529595015576323
45.17133956386293
52.95950155763239
57.3208722741433
67.601246105919
77.25856697819314
85.35825545171339
76.01246105919003
88.47352024922118
91.27725856697819
88.47352024922118
89.40809968847351
70.09345794392523
71.65109034267913
61.99376947040498
57.3208722741433
60.747663551401864
47.97507788161994
40.18691588785047
34.890965732087224
30.529595015576323
24.610591900311526
27.725856697819314
26.168224299065418
22.118380062305295
32.087227414330215
36.13707165109034
51.71339563862928
59.50155763239875
64.17445482866043
69.47040498442367
80.37383177570094
72.58566978193146
81.30841121495327
76.63551401869158
69.47040498442367
64.797507788162
70.09345794392523
63.55140186915887
52.336448598130836
49.532710280373834
40.49844236760124
36.13707165109034
36.13707165109034
38.006230529595015
33.64485981308411
36.7601246105919
47.0404984423676
47.97507788161994
60.43613707165109
64.48598130841121
65.10903426791276
57.943925233644855
55.7632398753894
51.71339563862928
48.90965732087228
41.74454828660436
42.99065420560748
47.97507788161994
46.728971962616825
47.0404984423676
48.598130841121495
54.82866043613706
52.64797507788161
