84.97942386831275
89.09465020576131
85.18518518518519
87.86008230452676
90.3292181069959
92.18106995884774
93.62139917695474
97.53086419753086
100.0
97.53086419753086
92.18106995884774
91.9753086419753
90.53497942386831
90.53497942386831
95.88477366255144
88.06584362139918
92.5925925925926
92.38683127572016
91.56378600823045
87.86008230452676
88.06584362139918
86.62551440329219
84.97942386831275
86.62551440329219
81.89300411522635
83.33333333333334
84.77366255144034
87.03703703703704
87.65432098765432
86.0082304526749
84.15637860082305
84.15637860082305
86.62551440329219
82.92181069958848
75.7201646090535
82.92181069958848
81.89300411522635
81.27572016460906
80.04115226337449
73.04526748971193
76.95473251028807
78.18930041152264
76.13168724279835
73.4567901234568
73.4567901234568
70.37037037037037
71.39917695473251
67.90123456790124
66.0493827160494
66.46090534979425
70.57613168724279
72.0164609053498
74.8971193415638
71.39917695473251
72.8395061728395
69.75308641975309
70.98765432098766
71.81069958847736
68.51851851851852
67.48971193415639
68.10699588477365
65.4320987654321
72.63374485596708
74.8971193415638
74.69135802469135
74.48559670781893
71.81069958847736
69.95884773662551
66.8724279835391
66.2551440329218
65.84362139917695
60.288065843621396
63.991769547325106
57.61316872427984
55.144032921810705
53.49794238683128
50.617283950617285
51.85185185185185
53.90946502057613
56.99588477366255
57.818930041152264
57.818930041152264
60.08230452674898
58.64197530864198
56.37860082304527
58.64197530864198
58.43621399176955
58.230452674897116
60.49382716049383
55.76131687242798
57.20164609053497
59.25925925925925
57.20164609053497
58.8477366255144
61.31687242798354
61.934156378600825
62.34567901234568
56.79012345679012
60.90534979423868
61.111111111111114
54.73251028806584
54.32098765432099
49.794238683127574
48.559670781893004
47.53086419753087
44.23868312757202
43.20987654320987
42.181069958847736
42.181069958847736
42.38683127572017
43.20987654320987
46.09053497942387
45.06172839506173
48.76543209876543
47.325102880658434
48.148148148148145
50.20576131687243
47.53086419753087
42.79835390946502
46.70781893004115
52.05761316872428
49.58847736625515
49.794238683127574
42.79835390946502
37.65432098765432
36.831275720164605
33.53909465020576
35.18518518518518
30.45267489711934
36.0082304526749
37.242798353909464
35.390946502057616
31.68724279835391
34.15637860082305
33.53909465020576
34.36213991769547
34.77366255144033
35.80246913580247
31.069958847736622
30.45267489711934
22.016460905349795
18.72427983539095
12.757201646090536
10.493827160493826
15.432098765432098
7.613168724279835
3.292181069958848
0.0
0.6172839506172839
0.205761316872428
