cam1:
[15, 422]
[55, 442]
[50, 423]
[67, 436]
[68, 448]
[79, 457]
[101, 464]
[113, 483]
[131, 495]
[159, 483]
[158, 457]
[180, 456]
[208, 449]
[215, 449]
[232, 475]
[246, 437]
[257, 459]
[272, 458]
[294, 454]
[294, 436]
[310, 437]
[321, 430]
[325, 422]
[318, 430]
[305, 407]
[291, 414]
[277, 421]
[240, 432]
[243, 435]
[221, 427]
[207, 418]
[203, 418]
[189, 430]
[166, 412]
[156, 377]
[153, 412]
[144, 407]
[128, 404]
[105, 398]
[113, 364]
[94, 383]
[83, 389]
[69, 379]
[61, 366]
[58, 366]
[78, 351]
[87, 356]
[101, 339]
[110, 330]
[123, 332]
[168, 352]
[208, 359]
[220, 373]
[248, 356]
[265, 363]
[289, 348]
[309, 354]
[297, 358]
[304, 342]
[277, 337]
[298, 340]
[276, 327]
[279, 362]
[250, 373]
[238, 372]
[230, 371]
[210, 358]
[197, 349]
[163, 334]
[169, 331]
[143, 329]
[157, 302]
[129, 320]
[126, 289]
[116, 277]
[101, 269]
[81, 255]
[85, 261]
[85, 271]
[111, 286]
[127, 290]
[151, 290]
[169, 301]
[195, 294]
[217, 283]
[212, 294]
[243, 293]
[236, 292]
[259, 303]
[273, 280]
[274, 287]
[267, 297]
[250, 287]
[228, 295]
[219, 307]
[210, 310]
[197, 312]
[155, 285]
[167, 305]
[145, 306]
[116, 275]
[101, 273]
[110, 251]
[127, 245]
[138, 240]
[132, 224]
[140, 219]
[157, 214]
[178, 214]
[190, 215]
[224, 219]
[245, 233]
[251, 228]
[263, 246]
[271, 239]
[259, 243]
[253, 253]
[230, 240]
[208, 217]
[201, 236]
[200, 262]
[178, 250]
[161, 251]
[137, 217]
[121, 192]
[123, 188]
[116, 172]
[126, 180]
[123, 157]
[148, 184]
[165, 190]
[188, 181]
[215, 163]
[227, 175]
[231, 172]
[236, 176]
[232, 178]
[207, 183]
[193, 160]
[181, 157]
[175, 116]
[175, 100]
[168, 71]
[173, 60]
[176, 84]
[170, 46]
[164, 25]
[169, 9]
[182, 12]
[173, 10]

cam2:
[146, 518]
[152, 542]
[193, 528]
[179, 551]
[162, 574]
[150, 579]
[145, 589]
[102, 606]
[100, 621]
[84, 606]
[116, 581]
[117, 580]
[126, 572]
[114, 568]
[119, 606]
[130, 555]
[151, 594]
[197, 603]
[178, 590]
[224, 570]
[233, 576]
[288, 555]
[312, 543]
[354, 519]
[372, 512]
[380, 536]
[396, 546]
[353, 568]
[392, 573]
[374, 548]
[371, 520]
[385, 529]
[405, 502]
[390, 492]
[385, 452]
[378, 496]
[336, 509]
[342, 513]
[332, 509]
[321, 450]
[355, 486]
[381, 490]
[229, 492]
[208, 488]
[199, 493]
[194, 450]
[164, 452]
[161, 447]
[143, 435]
[122, 433]
[119, 449]
[113, 453]
[132, 462]
[127, 443]
[167, 444]
[169, 432]
[206, 422]
[217, 433]
[254, 404]
[291, 401]
[332, 403]
[341, 387]
[367, 431]
[361, 457]
[371, 444]
[392, 422]
[391, 413]
[377, 432]
[379, 434]
[332, 421]
[309, 416]
[305, 395]
[304, 409]
[302, 417]
[240, 365]
[237, 352]
[226, 341]
[193, 368]
[171, 378]
[173, 374]
[167, 391]
[138, 377]
[152, 391]
[141, 373]
[140, 357]
[170, 365]
[182, 354]
[229, 358]
[254, 350]
[268, 310]
[301, 331]
[332, 336]
[358, 321]
[328, 324]
[368, 366]
[377, 372]
[368, 371]
[371, 357]
[309, 379]
[314, 403]
[283, 354]
[268, 343]
[279, 320]
[238, 333]
[213, 316]
[196, 308]
[182, 296]
[163, 299]
[173, 302]
[168, 284]
[155, 280]
[187, 288]
[200, 263]
[250, 277]
[275, 261]
[290, 268]
[307, 282]
[342, 268]
[317, 271]
[345, 285]
[330, 288]
[307, 287]
[292, 281]
[309, 288]
[288, 263]
[252, 260]
[243, 256]
[214, 261]
[200, 247]
[200, 266]
[206, 248]
[192, 234]
[202, 213]
[235, 204]
[238, 199]
[278, 198]
[291, 190]
[293, 192]
[270, 181]
[263, 170]
[250, 153]
[241, 146]
[218, 121]
[222, 110]
[238, 122]
[234, 92]
[235, 76]
[240, 54]
[260, 35]
[253, 7]

