cam1:
[15, 422]
[55, 442]
[50, 423]
[67, 436]
[68, 448]
[79, 457]
[101, 464]
[113, 483]
[131, 495]
[159, 483]
[158, 457]
[180, 456]
[208, 449]
[215, 449]
[232, 475]
[246, 437]
[257, 459]
[272, 458]
[294, 454]
[294, 436]
[310, 437]
[321, 430]
[325, 422]
[318, 430]
[305, 407]
[291, 414]
[277, 421]
[240, 432]
[243, 435]
[221, 427]
[207, 418]
[203, 418]
[189, 430]
[166, 412]
[156, 377]
[153, 412]
[144, 407]
[128, 404]
[105, 398]
[113, 364]
[94, 383]
[83, 389]
[69, 379]
[61, 366]
[58, 366]
[78, 351]
[87, 356]
[101, 339]
[110, 330]
[123, 332]
[168, 352]
[208, 359]
[220, 373]
[248, 356]
[265, 363]
[289, 348]
[309, 354]
[297, 358]
[304, 342]
[277, 337]
[298, 340]
[276, 327]
[279, 362]
[250, 373]
[238, 372]
[230, 371]
[210, 358]
[197, 349]
[163, 334]
[169, 331]
[143, 329]
[157, 302]
[129, 320]
[126, 289]
[116, 277]
[101, 269]
[81, 255]
[85, 261]
[85, 271]
[111, 286]
[127, 290]
[151, 290]
[169, 301]
[195, 294]
[217, 283]
[212, 294]
[243, 293]
[236, 292]
[259, 303]
[273, 280]
[274, 287]
[267, 297]
[250, 287]
[228, 295]
[219, 307]
[210, 310]
[197, 312]
[155, 285]
[167, 305]
[145, 306]

cam2:
[146, 518]
[152, 542]
[193, 528]
[179, 551]
[162, 574]
[150, 579]
[145, 589]
[102, 606]
[100, 621]
[84, 606]
[116, 581]
[117, 580]
[126, 572]
[114, 568]
[119, 606]
[130, 555]
[151, 594]
[197, 603]
[178, 590]
[224, 570]
[233, 576]
[288, 555]
[312, 543]
[354, 519]
[372, 512]
[380, 536]
[396, 546]
[353, 568]
[392, 573]
[374, 548]
[371, 520]
[385, 529]
[405, 502]
[390, 492]
[385, 452]
[378, 496]
[336, 509]
[342, 513]
[332, 509]
[321, 450]
[355, 486]
[381, 490]
[229, 492]
[208, 488]
[199, 493]
[194, 450]
[164, 452]
[161, 447]
[143, 435]
[122, 433]
[119, 449]
[113, 453]
[132, 462]
[127, 443]
[167, 444]
[169, 432]
[206, 422]
[217, 433]
[254, 404]
[291, 401]
[332, 403]
[341, 387]
[367, 431]
[361, 457]
[371, 444]
[392, 422]
[391, 413]
[377, 432]
[379, 434]
[332, 421]
[309, 416]
[305, 395]
[304, 409]
[302, 417]
[240, 365]
[237, 352]
[226, 341]
[193, 368]
[171, 378]
[173, 374]
[167, 391]
[138, 377]
[152, 391]
[141, 373]
[140, 357]
[170, 365]
[182, 354]
[229, 358]
[254, 350]
[268, 310]
[301, 331]
[332, 336]
[358, 321]
[328, 324]
[368, 366]
[377, 372]
[368, 371]
[371, 357]
[309, 379]
[314, 403]

